data = [1 1 -19.8546 1 2 -0.1864 1 3 -0.1864 1 4 -0.2328 1 5 -0.2328 1 6 0.0506 1 7 0.0506 1 8 0.2248 1 9 0.0476 1 10 0.0290 1 11 0.0290 1 12 0.0869 1 13 0.0869 1 14 0.0579 1 15 0.0579 1 16 0.1057 1 17 0.1057 1 18 0.0510 1 19 0.1067 2 1 -0.1864 2 2 -19.1864 2 3 0.0476 2 4 -0.0245 2 5 0.0290 2 6 0.0239 2 7 0.0239 2 8 -0.1240 2 9 -0.1214 2 10 -0.1446 2 12 -0.2953 2 14 -0.0921 2 15 -0.0585 2 19 -0.0587 2 24 0.0290 2 25 0.0869 2 26 0.1057 2 27 0.1057 2 30 0.0510 3 1 -0.1864 3 2 0.0476 3 3 -19.1864 3 4 0.0290 3 5 -0.0245 3 6 0.0239 3 7 0.0239 3 8 -0.1240 3 9 -0.1214 3 11 -0.1446 3 13 -0.2953 3 14 -0.0585 3 15 -0.0921 3 19 -0.0587 3 24 0.0869 3 25 0.0290 3 28 0.1057 3 29 0.1057 3 31 0.0510 4 1 -0.2328 4 2 -0.0245 4 3 0.0290 4 4 -18.7393 4 5 0.0510 4 8 0.0921 4 11 -0.2874 4 12 -0.1046 4 14 0.1240 4 15 0.0587 4 16 -0.0140 4 17 -0.0140 4 18 -0.3253 4 19 0.0585 4 20 0.0506 4 22 0.0506 4 24 0.0476 4 30 0.0290 4 31 0.0869 5 1 -0.2328 5 2 0.0290 5 3 -0.0245 5 4 0.0510 5 5 -18.7393 5 8 0.0921 5 10 -0.2874 5 13 -0.1046 5 14 0.0587 5 15 0.1240 5 16 -0.0140 5 17 -0.0140 5 18 -0.3253 5 19 0.0585 5 21 0.0506 5 23 0.0506 5 25 0.0476 5 30 0.0869 5 31 0.0290 6 1 0.0506 6 2 0.0239 6 3 0.0239 6 6 -20.0219 6 7 0.0241 6 8 0.0281 6 9 0.0355 6 16 0.0551 6 20 -0.2152 6 21 -0.2152 6 26 0.0587 6 28 0.0587 6 32 0.1057 6 33 0.0510 6 35 0.1067 7 1 0.0506 7 2 0.0239 7 3 0.0239 7 6 0.0241 7 7 -20.0219 7 8 0.0281 7 9 0.0355 7 17 0.0551 7 22 -0.2152 7 23 -0.2152 7 27 0.0587 7 29 0.0587 7 32 0.1057 7 34 0.0510 7 36 0.1067 8 1 0.2248 8 2 -0.1240 8 3 -0.1240 8 4 0.0921 8 5 0.0921 8 6 0.0281 8 7 0.0281 8 8 -19.6865 8 9 0.0908 8 10 -0.0534 8 11 -0.0534 8 12 0.0579 8 13 0.0579 8 14 0.1113 8 15 0.1113 8 18 0.0551 8 20 0.0140 8 21 0.0140 8 22 0.0140 8 23 0.0140 8 24 -0.0585 8 25 -0.0585 8 30 0.0587 8 31 0.0587 8 33 0.1057 8 34 0.1057 8 37 0.1067 9 1 0.0476 9 2 -0.1214 9 3 -0.1214 9 6 0.0355 9 7 0.0355 9 8 0.0908 9 9 -18.3314 9 10 -0.0245 9 11 -0.0245 9 12 0.0290 9 13 0.0290 9 14 0.0534 9 15 0.0534 9 19 0.0551 9 24 -0.2071 9 25 -0.2071 9 35 0.1057 9 36 0.1057 9 37 0.0510 10 1 0.0290 10 2 -0.1446 10 5 -0.2874 10 8 -0.0534 10 9 -0.0245 10 10 -18.2481 10 12 0.0510 10 13 0.0476 10 14 -0.0551 10 15 -0.0908 10 18 -0.0245 10 19 -0.0534 10 21 0.0239 10 23 0.0239 10 25 -0.0396 10 26 -0.0140 10 27 -0.0140 10 30 -0.3878 10 37 0.0290 11 1 0.0290 11 3 -0.1446 11 4 -0.2874 11 8 -0.0534 11 9 -0.0245 11 11 -18.2481 11 12 0.0476 11 13 0.0510 11 14 -0.0908 11 15 -0.0551 11 18 -0.0245 11 19 -0.0534 11 20 0.0239 11 22 0.0239 11 24 -0.0396 11 28 -0.0140 11 29 -0.0140 11 31 -0.3878 11 37 0.0290 12 1 0.0869 12 2 -0.2953 12 4 -0.1046 12 8 0.0579 12 9 0.0290 12 10 0.0510 12 11 0.0476 12 12 -18.0625 12 14 0.2248 12 15 0.1067 12 18 0.0290 12 19 0.0579 12 20 0.0239 12 22 0.0239 12 24 -0.2223 12 26 -0.0140 12 27 -0.0140 12 30 -0.2371 12 37 0.0869 13 1 0.0869 13 3 -0.2953 13 5 -0.1046 13 8 0.0579 13 9 0.0290 13 10 0.0476 13 11 0.0510 13 13 -18.0625 13 14 0.1067 13 15 0.2248 13 18 0.0290 13 19 0.0579 13 21 0.0239 13 23 0.0239 13 25 -0.2223 13 28 -0.0140 13 29 -0.0140 13 31 -0.2371 13 37 0.0869 14 1 0.0579 14 2 -0.0921 14 3 -0.0585 14 4 0.1240 14 5 0.0587 14 8 0.1113 14 9 0.0534 14 10 -0.0551 14 11 -0.0908 14 12 0.2248 14 13 0.1067 14 14 -18.0152 14 18 0.0534 14 19 0.1113 14 24 -0.1240 14 25 -0.0587 14 30 0.0921 14 31 0.0585 14 37 0.0579 15 1 0.0579 15 2 -0.0585 15 3 -0.0921 15 4 0.0587 15 5 0.1240 15 8 0.1113 15 9 0.0534 15 10 -0.0908 15 11 -0.0551 15 12 0.1067 15 13 0.2248 15 15 -18.0152 15 18 0.0534 15 19 0.1113 15 24 -0.0587 15 25 -0.1240 15 30 0.0585 15 31 0.0921 15 37 0.0579 16 1 0.1057 16 4 -0.0140 16 5 -0.0140 16 6 0.0551 16 16 -17.7464 16 17 0.0241 16 18 0.0281 16 19 0.0355 16 20 -0.0921 16 21 -0.0921 16 26 -0.2148 16 28 -0.2148 16 32 0.0506 16 33 0.2248 16 35 0.0476 17 1 0.1057 17 4 -0.0140 17 5 -0.0140 17 7 0.0551 17 16 0.0241 17 17 -17.7464 17 18 0.0281 17 19 0.0355 17 22 -0.0921 17 23 -0.0921 17 27 -0.2148 17 29 -0.2148 17 32 0.0506 17 34 0.2248 17 36 0.0476 18 1 0.0510 18 4 -0.3253 18 5 -0.3253 18 8 0.0551 18 10 -0.0245 18 11 -0.0245 18 12 0.0290 18 13 0.0290 18 14 0.0534 18 15 0.0534 18 16 0.0281 18 17 0.0281 18 18 -17.3737 18 19 0.0908 18 30 -0.2056 18 31 -0.2056 18 33 0.0506 18 34 0.0506 18 37 0.0476 19 1 0.1067 19 2 -0.0587 19 3 -0.0587 19 4 0.0585 19 5 0.0585 19 9 0.0551 19 10 -0.0534 19 11 -0.0534 19 12 0.0579 19 13 0.0579 19 14 0.1113 19 15 0.1113 19 16 0.0355 19 17 0.0355 19 18 0.0908 19 19 -16.2766 19 24 -0.0921 19 25 -0.0921 19 26 -0.0239 19 27 -0.0239 19 28 -0.0239 19 29 -0.0239 19 30 0.1240 19 31 0.1240 19 35 0.0506 19 36 0.0506 19 37 0.2248 20 4 0.0506 20 6 -0.2152 20 8 0.0140 20 11 0.0239 20 12 0.0239 20 16 -0.0921 20 20 -18.9522 20 21 0.0510 20 22 0.0241 20 24 0.0355 20 26 0.0534 20 28 -0.0579 20 32 -0.0140 20 33 -0.3076 20 35 0.0585 21 5 0.0506 21 6 -0.2152 21 8 0.0140 21 10 0.0239 21 13 0.0239 21 16 -0.0921 21 20 0.0510 21 21 -18.9522 21 23 0.0241 21 25 0.0355 21 26 -0.0579 21 28 0.0534 21 32 -0.0140 21 33 -0.3076 21 35 0.0585 22 4 0.0506 22 7 -0.2152 22 8 0.0140 22 11 0.0239 22 12 0.0239 22 17 -0.0921 22 20 0.0241 22 22 -18.9522 22 23 0.0510 22 24 0.0355 22 27 0.0534 22 29 -0.0579 22 32 -0.0140 22 34 -0.3076 22 36 0.0585 23 5 0.0506 23 7 -0.2152 23 8 0.0140 23 10 0.0239 23 13 0.0239 23 17 -0.0921 23 21 0.0241 23 22 0.0510 23 23 -18.9522 23 25 0.0355 23 27 -0.0579 23 29 0.0534 23 32 -0.0140 23 34 -0.3076 23 36 0.0585 24 2 0.0290 24 3 0.0869 24 4 0.0476 24 8 -0.0585 24 9 -0.2071 24 11 -0.0396 24 12 -0.2223 24 14 -0.1240 24 15 -0.0587 24 19 -0.0921 24 20 0.0355 24 22 0.0355 24 24 -17.3844 24 25 0.0510 24 30 -0.0245 24 31 0.0290 24 35 -0.0140 24 36 -0.0140 24 37 -0.2996 25 2 0.0869 25 3 0.0290 25 5 0.0476 25 8 -0.0585 25 9 -0.2071 25 10 -0.0396 25 13 -0.2223 25 14 -0.0587 25 15 -0.1240 25 19 -0.0921 25 21 0.0355 25 23 0.0355 25 24 0.0510 25 25 -17.3844 25 30 0.0290 25 31 -0.0245 25 35 -0.0140 25 36 -0.0140 25 37 -0.2996 26 2 0.1057 26 6 0.0587 26 10 -0.0140 26 12 -0.0140 26 16 -0.2148 26 19 -0.0239 26 20 0.0534 26 21 -0.0579 26 26 -17.2172 26 27 0.0241 26 28 0.0476 26 30 0.0281 26 32 0.0239 26 33 -0.1240 26 35 -0.1497 27 2 0.1057 27 7 0.0587 27 10 -0.0140 27 12 -0.0140 27 17 -0.2148 27 19 -0.0239 27 22 0.0534 27 23 -0.0579 27 26 0.0241 27 27 -17.2172 27 29 0.0476 27 30 0.0281 27 32 0.0239 27 34 -0.1240 27 36 -0.1497 28 3 0.1057 28 6 0.0587 28 11 -0.0140 28 13 -0.0140 28 16 -0.2148 28 19 -0.0239 28 20 -0.0579 28 21 0.0534 28 26 0.0476 28 28 -17.2172 28 29 0.0241 28 31 0.0281 28 32 0.0239 28 33 -0.1240 28 35 -0.1497 29 3 0.1057 29 7 0.0587 29 11 -0.0140 29 13 -0.0140 29 17 -0.2148 29 19 -0.0239 29 22 -0.0579 29 23 0.0534 29 27 0.0476 29 28 0.0241 29 29 -17.2172 29 31 0.0281 29 32 0.0239 29 34 -0.1240 29 36 -0.1497 30 2 0.0510 30 4 0.0290 30 5 0.0869 30 8 0.0587 30 10 -0.3878 30 12 -0.2371 30 14 0.0921 30 15 0.0585 30 18 -0.2056 30 19 0.1240 30 24 -0.0245 30 25 0.0290 30 26 0.0281 30 27 0.0281 30 30 -16.8739 30 31 0.0476 30 33 0.0239 30 34 0.0239 30 37 -0.1405 31 3 0.0510 31 4 0.0869 31 5 0.0290 31 8 0.0587 31 11 -0.3878 31 13 -0.2371 31 14 0.0585 31 15 0.0921 31 18 -0.2056 31 19 0.1240 31 24 0.0290 31 25 -0.0245 31 28 0.0281 31 29 0.0281 31 30 0.0476 31 31 -16.8739 31 33 0.0239 31 34 0.0239 31 37 -0.1405 32 6 0.1057 32 7 0.1057 32 16 0.0506 32 17 0.0506 32 20 -0.0140 32 21 -0.0140 32 22 -0.0140 32 23 -0.0140 32 26 0.0239 32 27 0.0239 32 28 0.0239 32 29 0.0239 32 32 -18.0634 32 33 0.0281 32 34 0.0281 32 35 0.0355 32 36 0.0355 33 6 0.0510 33 8 0.1057 33 16 0.2248 33 18 0.0506 33 20 -0.3076 33 21 -0.3076 33 26 -0.1240 33 28 -0.1240 33 30 0.0239 33 31 0.0239 33 32 0.0281 33 33 -17.6323 33 34 0.0241 33 35 0.0908 33 37 0.0355 34 7 0.0510 34 8 0.1057 34 17 0.2248 34 18 0.0506 34 22 -0.3076 34 23 -0.3076 34 27 -0.1240 34 29 -0.1240 34 30 0.0239 34 31 0.0239 34 32 0.0281 34 33 0.0241 34 34 -17.6323 34 36 0.0908 34 37 0.0355 35 6 0.1067 35 9 0.1057 35 16 0.0476 35 19 0.0506 35 20 0.0585 35 21 0.0585 35 24 -0.0140 35 25 -0.0140 35 26 -0.1497 35 28 -0.1497 35 32 0.0355 35 33 0.0908 35 35 -16.5011 35 36 0.0241 